<?xml version="1.0"?>
<opencv_storage>
<calibration_time>"Tue 09 Aug 2022 17:41:40 BST"</calibration_time>
<nr_of_frames>25</nr_of_frames>
<image_width>1280</image_width>
<image_height>720</image_height>
<board_width>9</board_width>
<board_height>6</board_height>
<square_size>50.</square_size>
<fix_aspect_ratio>1.</fix_aspect_ratio>
<!-- flags: +fix_aspectRatio +fix_principal_point +zero_tangent_dist +fix_k4 +fix_k5 -->
<flags>6158</flags>
<fisheye_model>0</fisheye_model>
<camera_matrix type_id="opencv-matrix">
  <rows>3</rows>
  <cols>3</cols>
  <dt>d</dt>
  <data>
    1.0418946804012210e+03 0. 6.3950000000000000e+02 0.
    1.0418946804012210e+03 3.5950000000000000e+02 0. 0. 1.</data></camera_matrix>
<distortion_coefficients type_id="opencv-matrix">
  <rows>5</rows>
  <cols>1</cols>
  <dt>d</dt>
  <data>
    -4.2801262181242405e-01 2.1166120764006008e-01 0. 0.
    -6.9830865440103529e-02</data></distortion_coefficients>
<avg_reprojection_error>5.7886999688163865e-01</avg_reprojection_error>
<per_view_reprojection_errors type_id="opencv-matrix">
  <rows>25</rows>
  <cols>1</cols>
  <dt>f</dt>
  <data>
    4.52034891e-01 4.65128630e-01 5.68081856e-01 5.18934727e-01
    4.60641444e-01 3.94262463e-01 4.59551156e-01 5.13439476e-01
    4.26561892e-01 3.54752064e-01 4.00145978e-01 6.59276247e-01
    7.61893570e-01 6.41053975e-01 8.86185288e-01 7.97808349e-01
    8.25639963e-01 5.15226722e-01 4.81348246e-01 4.11493957e-01
    2.56702483e-01 6.85288310e-01 9.79831576e-01 3.02420676e-01
    5.20674765e-01</data></per_view_reprojection_errors>
<!-- a set of 6-tuples (rotation vector + translation vector) for each view -->
<extrinsic_parameters type_id="opencv-matrix">
  <rows>25</rows>
  <cols>6</cols>
  <dt>d</dt>
  <data>
    -2.4859527268527382e-01 -1.6348512728268055e-01
    -3.7158453358120169e-01 -6.8280448369329619e+01
    -6.2476927772320089e+01 1.2419031210037526e+03
    -2.6440745341696476e-01 -1.6502903157663160e-01
    -3.7586826195642048e-01 -6.4375223298895520e+01
    -4.9568276207516334e+01 1.2493089563822875e+03
    -3.0991625038237008e-01 -1.4074675273629209e-01
    -3.2818480660619859e-01 1.6169828622749232e+01
    -2.2619396999640522e+01 1.2203822123767161e+03
    -3.0533339950479887e-01 -1.2403369884444895e-01
    -1.7731997246270054e-01 1.2350367366630923e+02
    7.9344710679295758e+01 1.1871700533562823e+03
    -3.1532793159835487e-01 -6.8513645817494723e-02
    -7.2810389123445507e-02 2.2896655484178393e+02
    1.1938524318064844e+02 1.1304417743960523e+03
    -2.9458556664117663e-01 1.1886476917140853e-02
    -6.7975332329346161e-02 2.5280354918431260e+02
    5.4491006968539459e+01 1.0911698161648171e+03
    -2.7641433938002363e-01 -1.3337669152659231e-02
    -9.9164502253408573e-02 8.9595259397940040e+01
    -7.7486483734084032e+01 1.1449991797851053e+03
    -2.8650171181227935e-01 -3.0817928891886833e-02
    -1.1025918231417357e-01 -1.2101349784795615e+02
    -1.9186589044774985e+02 1.1726628917217206e+03
    -2.5676213630692279e-01 -5.1199594300633630e-02
    -1.0701481916474267e-01 -3.0168227021674727e+02
    -2.3464571202330973e+02 1.1186894641894557e+03
    -2.1757364811485169e-01 -8.4290074998946585e-02
    -7.0989261438631490e-02 -4.7038529907608489e+02
    -2.5896482819119922e+02 1.0369366427019286e+03
    -1.8647515076233070e-01 -1.0630733204640896e-01
    -8.0576475593514579e-02 -6.0359038402219971e+02
    -2.8628359499437488e+02 9.9887958689121751e+02
    -6.9186734447701598e-02 -1.8206829144090228e-01
    -1.2347941300880269e-01 -6.7584305947552070e+02
    -3.1932930381838560e+02 9.7143758585417902e+02
    -1.0804996914497973e-01 -1.8822358290498731e-01
    -1.0215820250160071e-01 -5.8769810167790422e+02
    -2.0361719444509552e+02 1.0475915486245894e+03
    -1.5221995423641832e-01 -2.2739070391575955e-01
    -8.6513408419559845e-02 -6.6788186044246618e+02
    -7.6469012195861112e+01 1.0444081373514707e+03
    -1.6654157424451144e-01 -2.1943849405699836e-01
    -9.7792905845951433e-02 -7.2240416002716802e+02
    6.0444364680334395e+01 1.0271156593373803e+03
    -1.2905093215171057e-01 -2.3577776325720795e-01
    -8.1001395019192596e-02 -6.6475414769590077e+02
    8.4493532944357753e+01 1.0266608849920212e+03
    -2.9869356722922913e-01 2.3193753115145890e-02
    -5.2231717489684937e-01 7.8692123042125573e+01
    -2.2993914161961438e+01 1.0619982892444557e+03
    -3.3369436745613346e-01 7.8151130495320742e-02
    -8.4255994471791884e-01 1.1989556145443754e+02
    -6.9443413542018007e+01 1.0703562014575489e+03
    -2.9976840421668349e-01 1.2336886001972037e-01
    -9.0360561998281075e-01 2.3838646929793981e+02
    -7.5326722795424786e+01 9.9411742050314319e+02
    -3.0387523290598184e-01 1.4548029410219573e-01
    -8.9172961392922301e-01 2.4518802395056761e+02
    -7.6438241340202737e+01 9.9511934815203665e+02
    -2.7158318202133236e-01 1.4140326347292279e-01
    -9.4522344695978144e-01 1.3038707553483900e+02
    -4.0795657318743217e+01 1.0048254855805587e+03
    -3.1850512104292367e-01 1.5539717422514696e-01
    -1.0818033418352744e+00 8.5443487614900945e+01
    6.0152209612096961e+00 1.0196125554005430e+03
    -1.8683825324281531e-01 1.2890902517986965e-02
    -4.4939707401603429e-01 3.3304440524009983e+01
    1.4335784440063782e+02 1.2655382497766946e+03
    -9.5200086892968022e-02 -1.1921046830612357e-01
    -1.0358127302651642e-01 -1.0324867385835185e+02
    -6.2040280598993718e+01 1.5718644943519907e+03
    -9.1507010339202471e-02 -1.1066326525905235e-01
    -1.2615108016203735e-01 -8.4790183811253300e+01
    -4.5215187404121600e+01 1.6192066760126686e+03</data></extrinsic_parameters>
