<?xml version="1.0"?>
<opencv_storage>
<calibration_time>"Fri 08 Jul 2022 14:44:20 BST"</calibration_time>
<nr_of_frames>25</nr_of_frames>
<image_width>640</image_width>
<image_height>360</image_height>
<board_width>9</board_width>
<board_height>6</board_height>
<square_size>50.</square_size>
<fix_aspect_ratio>1.</fix_aspect_ratio>
<!-- flags: +fix_aspectRatio +fix_principal_point +zero_tangent_dist +fix_k4 +fix_k5 -->
<flags>6158</flags>
<fisheye_model>0</fisheye_model>
<camera_matrix type_id="opencv-matrix">
  <rows>3</rows>
  <cols>3</cols>
  <dt>d</dt>
  <data>
    5.4177865248319119e+02 0. 3.1950000000000000e+02 0.
    5.4177865248319119e+02 1.7950000000000000e+02 0. 0. 1.</data></camera_matrix>
<distortion_coefficients type_id="opencv-matrix">
  <rows>5</rows>
  <cols>1</cols>
  <dt>d</dt>
  <data>
    -4.2389826215640858e-01 1.6402774776238208e-01 0. 0.
    -6.7145364611429156e-02</data></distortion_coefficients>
<avg_reprojection_error>3.2063993228177395e-01</avg_reprojection_error>
<per_view_reprojection_errors type_id="opencv-matrix">
  <rows>25</rows>
  <cols>1</cols>
  <dt>f</dt>
  <data>
    1.13328338e-01 3.35490525e-01 4.15754557e-01 2.40282416e-01
    3.15160662e-01 1.83752105e-01 1.73399687e-01 2.21728653e-01
    3.78349394e-01 4.45021361e-01 3.03599715e-01 1.64943889e-01
    4.18915719e-01 2.15925902e-01 2.44161129e-01 4.74179357e-01
    3.65025043e-01 2.99444973e-01 2.74301052e-01 1.51516512e-01
    4.84346598e-01 4.26749468e-01 3.58431309e-01 2.09470823e-01
    3.53028327e-01</data></per_view_reprojection_errors>
<!-- a set of 6-tuples (rotation vector + translation vector) for each view -->
<extrinsic_parameters type_id="opencv-matrix">
  <rows>25</rows>
  <cols>6</cols>
  <dt>d</dt>
  <data>
    -1.2176096957950708e-01 -9.3576632761427650e-02
    6.6682036139038307e-03 -3.1329264812461588e+02
    -2.2610837875749363e+02 1.1554582371504266e+03
    -1.2211072590499389e-01 -5.1035294908319088e-02
    3.7290082066948086e-03 -3.2133847344195368e+02
    -2.1472987211978651e+02 1.1431670429119170e+03
    -2.0539648501776969e-01 -1.1109656113663630e-02
    -3.8841159329740027e-02 -4.4093021357299148e+02
    -8.7884869071700209e+01 1.1633561805142463e+03
    -2.7682244002380108e-01 -7.8829934411599037e-02
    -2.9579344585849987e-02 -5.8039624471148500e+02
    3.5031582323958723e+01 1.1238265427168330e+03
    -2.7501344107239811e-01 -8.1716604084660721e-02
    -6.6021155036186399e-02 -6.3135494712474576e+02
    3.4283439723746092e+01 1.1042200157340687e+03
    -2.2835093536828854e-01 -1.0151562445173128e-01
    -2.7399625157343971e-01 -6.5675422669618649e+02
    7.0465565805670764e+01 1.0883517030630758e+03
    -2.1778646967435442e-01 -1.6303873777983553e-02
    -4.4092704368774599e-01 -6.5374803682691243e+02
    1.1051246631930224e+01 1.0598802137421155e+03
    -1.5632632979859160e-01 -1.1931226151323154e-01
    -9.9642843632423428e-02 -5.0952843407506720e+02
    -3.0168869712974987e+02 1.0006290149294880e+03
    -2.1198818037888156e-01 -1.2278918183298597e-01
    -7.0170454332630347e-02 -5.3174522323587087e+02
    -2.7288691799576014e+02 1.0163043040491477e+03
    -1.7077954172869483e-01 -1.7302433261572889e-01
    -3.8808696387525779e-02 -4.4746493539142466e+02
    -2.7744516420827210e+02 1.0148303061825951e+03
    -2.0737737058595543e-01 -1.6967424715396157e-01
    6.6671072904572706e-02 -1.6213832869241480e+02
    -2.6329370768392056e+02 1.0450442160359346e+03
    -1.9538699960591979e-01 -1.0352399363304964e-01
    8.4079487696647540e-02 5.4406864622659853e+01
    -2.7469770137450638e+02 1.0308121819986497e+03
    -1.4179949204929912e-01 1.5050939028273966e-01
    6.1655465179215267e-02 1.8417773942519352e+02
    -2.9188397367895061e+02 1.0298919240612181e+03
    -1.9179471917551250e-01 8.5363945659363324e-02
    5.9322318181115686e-03 -2.0100140474908761e+00
    -2.8313236315539859e+02 1.0818810075802737e+03
    -1.7300203194930816e-01 -7.2002557404495220e-03
    -1.1724086317229985e-02 -1.6536249091158598e+02
    -2.7624938894118725e+02 1.0964021566168647e+03
    -2.1231266831407603e-01 -4.6706522163137967e-03
    -1.5868586702502196e-02 -1.1800779563402411e+02
    -1.5316818868841526e+02 1.1257408157845632e+03
    -2.3793746995686485e-01 -2.2160675787870608e-03
    4.3058613049453111e-02 5.6712774752779662e+00
    -7.8793624181448209e+01 1.1233003915735837e+03
    -2.6037798432853937e-01 7.2004066979726696e-03
    7.7381725508698318e-02 1.0590516207870746e+02 5.9575448727760953e+00
    1.1185204029503961e+03 -2.9328217070821705e-01
    4.6265323414663266e-02 6.8128781351293174e-02 1.8707638732690555e+02
    5.1779120512451016e+01 1.1173577593508828e+03
    -2.8837524566589040e-01 1.4900052385002568e-01
    -3.6651610077750507e-01 1.0303745474712156e+02
    4.8929637677556570e+01 1.1547441699643603e+03
    -3.3224477351560289e-01 1.8308253756766976e-01
    -6.4779143300501307e-01 -8.3164187591238417e+01
    9.3249305294788215e+01 1.1693684587215928e+03
    -2.3071717647746945e-01 1.3857122228825378e-01
    -9.2184456238541657e-01 -2.4463359177192268e+02
    1.2736915455983460e+02 1.1660242324207545e+03
    -2.1369956169448290e-01 1.7594859269876645e-01
    -1.0845856514596379e+00 -3.3929805739042615e+02
    1.3887135231555138e+02 1.1760834318496404e+03
    -1.6294588147544842e-01 1.3857579516293872e-01
    -1.1641780525412924e+00 -5.0234759157903744e+02
    2.0972888057187731e+02 1.1363862823319350e+03
    -3.6157089309576107e-01 -1.9668141483118420e-01
    -3.6932179507112063e-02 -6.3848085284573460e+02
    -9.6292973480149087e+01 1.0384086193202115e+03</data></extrinsic_parameters>
